1000000
1000
531766
853579
171698
947976
853718
168351
357395
63984
419604
188272
963536
162275
914416
62287
696333
403421
121829
834606
77803
910082
54404
377385
799279
527936
747155
955048
535021
805929
978761
597206
252091
956170
113068
982521
148966
207651
797924
177830
801876
653146
898904
639181
539830
629258
496310
781214
574717
797168
429573
721496
794402
305232
899918
926950
81131
330950
281262
515144
174576
377603
860334
364633
43478
61734
284552
356150
4315
58624
775864
327881
668008
82116
227376
655128
577271
78602
143453
352251
146778
207992
422782
517305
719322
232979
283829
73051
911328
777553
916883
203132
933727
566556
160399
795430
705258
894310
117168
997320
361228
67130
254321
724586
658067
539757
461631
203183
269330
940444
533046
39240
912487
767321
586283
642712
391931
121452
309994
218084
683091
395404
220974
694340
974417
648760
740330
405327
838982
92299
388278
140971
839710
944727
258627
952818
920042
750657
353460
343194
452254
493820
993917
573044
478246
831232
617079
579695
574448
204846
48788
112740
652187
796533
778206
848704
246619
636847
10786
550684
227908
868774
645981
382398
845066
34448
657406
976110
393348
740945
972673
21814
46382
919449
634991
252350
584769
231539
608138
935225
82687
821712
758722
985985
797558
310590
121260
448849
955236
665438
709552
434391
463808
445563
241356
998945
841314
991393
359260
379027
352065
255135
347
388043
246168
359049
807815
219691
775937
747342
602431
180175
772078
266024
114110
4032
783811
457715
686249
992935
940778
896183
860172
93412
340129
34182
790081
830388
286183
773627
940653
44308
360310
326834
261021
268444
598211
344406
465923
759693
274871
585925
638995
472953
51841
513605
967280
327716
80405
824944
306806
317062
945227
411329
852008
158004
387181
212095
585295
306818
391257
532339
402488
235563
595521
530453
760898
877657
550378
477099
788133
678846
981474
904548
149193
698807
922740
864463
262400
268673
563906
873823
761855
771596
810890
631083
789317
666545
553880
41629
706508
659919
372560
162349
972469
399621
815532
649532
389723
84574
78880
18551
602134
341148
376551
725768
32590
336341
642005
591136
538676
370259
59515
647142
850749
396635
98650
450276
349930
397460
791889
709419
960988
4009
557798
293489
50881
247687
554407
867470
19963
149967
11572
225822
457777
156438
479107
616387
702848
570904
843591
284702
582109
308251
902747
568750
857448
318450
345775
353210
584140
780482
92316
421229
310646
329625
384447
676077
317225
717713
307439
417207
609201
93243
103137
778859
823018
519082
61313
14364
92181
976846
452795
105542
856253
711242
684826
223428
258233
953412
526126
949301
868963
169042
992727
910272
44691
779550
528261
520838
322132
871773
986776
778843
929552
880097
674146
666377
494394
408735
42439
572916
565692
191770
234370
802325
444729
285721
437336
525253
545581
259419
931834
627876
597136
250293
552512
535183
124237
698677
45314
903871
711778
300294
23020
599248
274750
32323
32194
352834
181817
336716
822505
992704
179016
26007
651543
40592
187427
274726
408046
957799
75642
736067
423957
920816
250345
535759
37826
772439
32902
522314
565266
594307
37229
315173
661612
787499
226270
931111
231497
506214
220504
511638
137042
495868
85245
916052
445791
78139
574231
362762
320124
345033
575902
397804
256217
909406
644481
496492
373860
255575
870229
824274
989602
888487
444522
499141
884052
58128
833512
549457
532267
774963
652225
810224
792441
190480
338453
764244
213344
834185
468640
590252
61673
478761
540740
161396
881536
232427
352925
102988
484023
92293
915747
195819
698809
458678
432899
302347
742329
58637
491400
354393
656961
201592
309462
875091
754247
158533
599072
994555
94449
587676
584759
558058
319801
452974
467242
603009
599834
799703
411549
174076
719536
705637
24212
2026
756803
796257
640265
229096
910895
237682
355384
529540
22994
902931
670140
713934
542690
503542
905781
388165
50886
422408
93057
586300
646087
581173
130436
470633
714054
459394
823162
333109
52832
958139
720180
364987
233346
315886
582826
167289
282220
873135
488364
716032
336202
622031
444958
776340
151504
711992
128456
895216
598568
283543
664667
630452
378525
107560
333301
481996
314362
175719
4144
257631
673374
915569
776639
120261
991932
245866
511792
231324
785450
74318
542911
165541
922561
807411
588411
496017
171775
963210
138961
480976
83343
974282
225380
693679
956006
501387
895418
286081
785320
169342
218015
718882
226875
952278
924975
364774
551299
563442
510229
368933
852589
430771
50253
334961
801001
865251
396320
959269
102745
456429
77656
38699
469619
211394
758282
730550
661721
408266
110814
184462
143631
851064
565686
745705
269376
913558
554593
127812
448146
330444
506380
222818
802580
701982
564365
135906
823488
322414
938682
622079
18454
751201
540930
211281
319724
32416
459601
172640
803363
343179
173036
486422
272445
179379
615240
175302
664595
418999
525268
989626
473950
246615
678903
912010
582135
798859
223819
744738
898562
64550
899022
843538
75623
195347
129434
49966
468539
106802
48868
602246
209709
228984
309084
878999
118091
783245
526793
765894
709973
957640
51892
282932
478467
270148
278233
71647
35059
583908
417370
886398
377228
194543
255270
885548
141446
628046
580841
490962
120963
326458
206504
228595
436708
89212
352380
225943
623136
559489
749757
967303
512972
165701
325665
400217
984060
745420
725156
694338
929514
647399
490777
441067
706700
539679
991495
96563
435996
19385
309027
385287
725206
253400
683258
615101
369088
571849
216227
12903
826982
350241
836628
209122
801003
583817
533465
654326
586864
10710
368826
882296
920679
797902
55172
672292
238985
574001
316337
362556
473051
681380
360
211055
142920
389604
572007
500234
941684
425812
112383
887130
764671
916036
274892
908802
429793
887843
436463
697943
878133
557753
328589
985472
289583
582289
669772
897959
235981
640917
186253
796896
770796
349102
584091
619638
576031
32009
146841
7405
145574
676780
121722
509145
906768
978697
643663
241354
367209
430241
883217
186619
492142
775273
824795
250545
641441
561698
393726
284671
851106
209275
842892
458394
876530
51910
34651
587593
852323
779791
399458
403032
310606
214913
166764
222489
624236
702698
670697
441067
465109
301444
476789
655192
453433
813641
417399
597136
710798
280170
367282
395681
686213
256700
278507
947751
931154
548401
2109
219821
435759
429118
575145
933370
103798
140930
117657
998656
430904
149078
557392
492412
490310
52247
807744
261267
521959
920689
716723
645156
739941
445435
906303
291936
852750
1544
988685
956949
254020
175862
227378
33427
13754
869162
151956
69325
944929
137328
286538
886643
144647
20405
853736
20335
103237
803916
516151
478886
346510
459701
832312
76267
479687
210444
648107
388271
516166
372295
402957
499069
55032
934536
229130
259611
412332
645777
839502
831497
352457
199244
751391
201093
533962
853724
838867
888259
395979
299178
891333
676320
589728
603423
327130
638239
606578
297231
1000
532302
854440
171871
948933
854580
168520
357755
64048
420027
188462
964508
162438
915339
62349
697036
403828
121952
835448
77881
911000
54458
377766
800086
528469
747909
956012
535561
806742
979749
597809
252345
957135
113182
983513
149116
207860
798729
178009
802685
653805
899811
639826
540375
629893
496811
782002
575297
797972
430006
722224
795204
305540
900826
927886
81212
331284
281546
515664
174752
377984
861202
365001
43521
61796
284839
356509
4319
58683
776647
328212
668682
82198
227605
655789
577853
78681
143597
352606
146926
208202
423208
517827
720048
233214
284115
73124
912248
778338
917808
203337
934669
567128
160560
796233
705970
895213
117286
998327
361592
67197
254577
725317
658731
540302
462097
203388
269601
941393
533584
39279
913408
768095
586875
643360
392326
121574
310307
218304
683780
395803
221197
695041
975400
649415
741077
405736
839829
92392
388670
141113
840557
945680
258888
953780
920971
751414
353816
343540
452710
494318
994920
573622
478728
832071
617702
580280
575028
205052
48837
112853
652845
797337
778991
849560
246868
637490
10796
551240
228138
869651
646633
382784
845919
34482
658069
977095
393745
741693
973655
21836
46428
920377
635632
252604
585359
231772
608752
936169
82770
822541
759488
986980
798363
310903
121382
449302
956200
666109
710268
434829
464276
446012
241599
999953
842163
992394
359622
379409
352420
255392
347
388434
246416
359411
808630
219912
776720
748096
603039
180356
772857
266292
114225
4036
784602
458177
686941
993937
941727
897087
861040
93506
340472
34216
790878
831226
286471
774408
941602
44352
360673
327164
261284
268715
598815
344753
466393
760460
275148
586516
639640
473430
51893
514123
968256
328046
80486
825777
307115
317382
946181
411744
852868
158163
387571
212309
585886
307127
391652
532876
402894
235800
596122
530988
761666
878543
550933
477580
788928
679531
982465
905461
149343
699512
923671
865335
262664
268944
564475
874705
762624
772375
811708
631720
790114
667218
554439
41671
707221
660585
372936
162512
973450
400024
816355
650187
390116
84659
78959
18569
602742
341492
376931
726500
32622
336680
642653
591732
539219
370632
59575
647795
851608
397035
98749
450730
350283
397861
792688
710135
961958
4013
558361
293785
50932
247937
554966
868345
19983
150118
11583
226050
458239
156595
479590
617009
703557
571480
844442
284989
582696
308562
903658
569324
858313
318771
346124
353566
584729
781270
92409
421654
310959
329957
384835
676759
317545
718437
307749
417628
609816
93337
103241
779645
823849
519606
61374
14378
92274
977832
453252
105648
857117
711960
685517
223653
258493
954374
526657
950259
869840
169212
993729
911191
44736
780337
528794
521363
322457
872653
987772
779629
930490
880985
674826
667049
494893
409147
42481
573494
566263
191963
234606
803135
445178
286009
437777
525783
546131
259680
932774
628510
597738
250545
553069
535723
124362
699382
45359
904783
712496
300597
23043
599853
275027
32355
32226
353190
182000
337056
823335
993706
179196
26033
652200
40632
187616
275003
408458
958766
75718
736810
424385
921745
250597
536299
37864
773218
32935
522841
565836
594907
37266
315491
662280
788294
226498
932051
231730
506725
220726
512154
137180
496368
85331
916977
446241
78217
574810
363128
320447
345381
576483
398205
256475
910324
645131
496993
374237
255833
871107
825106
990601
889384
444970
499645
884944
58186
834353
550011
532804
775745
652883
811042
793241
190672
338794
765015
213559
835027
469113
590848
61735
479244
541286
161558
882426
232661
353281
103091
484511
92386
916671
196016
699514
459141
433336
302652
743078
58696
491896
354750
657624
201795
309774
875974
755008
158693
599676
995559
94544
588269
585349
558621
320123
453431
467713
603617
600439
800510
411964
174251
720262
706349
24236
2028
757567
797061
640911
229327
911814
237922
355742
530074
23017
903842
670816
714654
543237
504050
906695
388556
50937
422834
93150
586892
646739
581759
130567
471108
714775
459857
823993
333445
52885
959106
720907
365355
233581
316204
583414
167457
282504
874016
488857
716755
336541
622659
445407
777123
151656
712710
128585
896119
599172
283829
665338
631088
378907
107668
333637
482482
314679
175896
4148
257891
674053
916493
777423
120382
992933
246114
512308
231557
786243
74393
543459
165708
923492
808226
589005
496517
171948
964182
139101
481461
83427
975265
225607
694379
956971
501893
896322
286369
786112
169512
218235
719607
227104
953239
925909
365142
551855
564010
510744
369305
853449
431205
50303
335299
801809
866124
396720
960237
102848
456889
77734
38738
470093
211607
759047
731287
662389
408678
110925
184648
143776
851923
566257
746457
269648
914480
555153
127941
448598
330777
506891
223042
803390
702690
564934
136043
824319
322739
939629
622707
18472
751959
541476
211494
320046
32448
460065
172814
804174
343525
173210
486913
272720
179560
615861
175479
665266
419422
525798
990625
474428
246864
679588
912930
582722
799665
224045
745490
899469
64615
899929
844389
75699
195544
129564
50016
469012
106909
48917
602854
209920
229215
309396
879886
118210
784035
527324
766667
710689
958606
51944
283217
478950
270420
278513
71719
35094
584497
417791
887293
377608
194739
255527
886442
141588
628680
581427
491457
121085
326787
206712
228825
437148
89302
352735
226171
623765
560053
750514
968279
513489
165868
325993
400621
985053
746172
725888
695039
930452
648052
491272
441512
707413
540223
992496
96660
436436
19404
309339
385676
725938
253655
683947
615722
369460
572426
216445
12916
827817
350594
837472
209333
801811
584406
534003
654986
587456
10720
369198
883186
921608
798707
55227
672970
239226
574580
316656
362922
473528
682068
360
211268
143064
389997
572584
500739
942634
426241
112496
888025
765443
916960
275169
909719
430226
888739
436903
698647
879019
558316
328920
986467
289875
582876
670448
898865
236219
641564
186441
797700
771574
349454
584680
620263
576612
32041
146989
7412
145720
677463
121844
509659
907683
979685
644312
241597
367579
430675
884108
186807
492638
776055
825627
250797
642088
562265
394123
284958
851965
209486
843743
458856
877415
51962
34685
588186
853183
780578
399861
403438
310919
215130
166932
222713
624866
703407
671374
441512
465578
301748
477270
655853
453890
814462
417820
597738
711515
280452
367652
396080
686905
256959
278788
948708
932094
548954
2111
220042
436199
429551
575725
934312
103902
141072
117775
999664
431339
149228
557954
492909
490805
52299
808559
261530
522486
921618
717446
645807
740688
445884
907218
292230
853611
1545
989683
957915
254276
176039
227607
33460
13767
870039
152109
69395
945883
137466
286827
887538
144793
20425
854598
20355
103341
804727
516672
479369
346859
460165
833152
76344
480171
210656
648761
388663
516687
372670
403363
499572
55087
935479
229361
259873
412748
646429
840349
832336
352812
199445
752149
201296
534501
854586
839714
889155
396378
299480
892233
677002
590323
604032
327460
638883
607190
297531
